b0025_ribF::U00096.2:21406-22348	ECP_0023::CP000247.1:22949-23891	97.134	942	27	0	1	942	1	942	0.0	1591
b0026_ileS::U00096.2:22390-25207	ECP_0024::CP000247.1:23933-26750	95.776	2817	119	0	1	2817	1	2817	0.0	4543
b0027_lspA::U00096.2:25206-25701	ECP_0025::CP000247.1:26749-27244	98.788	495	6	0	1	495	1	495	0.0	881
b0029_ispH::U00096.2:26276-27227	ECP_0027::CP000247.1:27802-28768	95.584	951	41	1	1	951	1	950	0.0	1522
b0031_dapB::U00096.2:28373-29195	ECP_0029::CP000247.1:29898-30720	96.715	822	27	0	1	822	1	822	0.0	1369
b0048_folA::U00096.2:49822-50302	ECP_0048::CP000247.1:51367-51847	97.917	480	10	0	1	480	1	480	0.0	832
b0054_lptD::U00096.2:54754-57109	ECP_0057::CP000247.1:56859-59214	97.495	2355	59	0	1	2355	1	2355	0.0	4023
b0083_ftsL::U00096.2:91031-91397	ECP_0085::CP000247.1:92349-92715	99.727	366	1	0	1	366	1	366	0.0	671
b0084_ftsI::U00096.2:91412-93179	ECP_0086::CP000247.1:92730-94497	98.698	1767	23	0	1	1767	1	1767	0.0	3136
b0085_murE::U00096.2:93165-94653	ECP_0087::CP000247.1:94483-95971	97.715	1488	34	0	1	1488	1	1488	0.0	2560
b0086_murF::U00096.2:94649-96008	ECP_0088::CP000247.1:95967-97326	96.983	1359	41	0	1	1359	1	1359	0.0	2283
b0087_mraY::U00096.2:96001-97084	ECP_0089::CP000247.1:97319-98402	97.415	1083	28	0	1	1083	1	1083	0.0	1845
b0088_murD::U00096.2:97086-98403	ECP_0090::CP000247.1:98404-99721	98.102	1317	25	0	1	1317	1	1317	0.0	2294
b0089_ftsW::U00096.2:98402-99647	ECP_0091::CP000247.1:99720-100965	98.474	1245	19	0	1	1245	1	1245	0.0	2194
b0090_murG::U00096.2:99643-100711	ECP_0092::CP000247.1:100961-102029	98.596	1068	15	0	1	1068	1	1068	0.0	1890
b0091_murC::U00096.2:100764-102240	ECP_0093::CP000247.1:102082-103558	98.442	1476	23	0	1	1476	1	1476	0.0	2599
b0093_ftsQ::U00096.2:103154-103985	ECP_0095::CP000247.1:104472-105303	99.398	831	5	0	1	831	1	831	0.0	1507
b0094_ftsA::U00096.2:103981-105244	ECP_0096::CP000247.1:105299-106562	99.050	1263	12	0	1	1263	1	1263	0.0	2266
b0095_ftsZ::U00096.2:105304-106456	ECP_0097::CP000247.1:106622-107774	98.872	1152	13	0	1	1152	1	1152	0.0	2056
b0096_lpxC::U00096.2:106556-107474	ECP_0098::CP000247.1:107874-108792	99.455	918	5	0	1	918	1	918	0.0	1668
b0097_secM::U00096.2:107704-108217	ECP_0099::CP000247.1:109022-109535	97.856	513	11	0	1	513	1	513	0.0	887
b0098_secA::U00096.2:108278-110984	ECP_0100::CP000247.1:109596-112302	98.337	2706	45	0	1	2706	1	2706	0.0	4748
b0103_coaE::U00096.2:112598-113219	ECP_0104::CP000247.1:113797-114418	99.195	621	5	0	1	621	1	621	0.0	1120
b0126_can::U00096.2:142007-142670	ECP_0134::CP000247.1:147123-147786	98.341	663	11	0	1	663	1	663	0.0	1164
b0142_folK::U00096.2:157252-157732	ECP_0152::CP000247.1:162701-163181	94.313	422	24	0	59	480	59	480	0.0	647
b0154_hemL::U00096.2:173601-174882	ECP_0164::CP000247.1:178825-180106	97.889	1279	27	0	3	1281	3	1281	0.0	2213
b0156_erpA::U00096.2:176609-176954	ECP_0166::CP000247.1:181833-182178	99.130	345	3	0	1	345	1	345	1.05e-178	621
b0166_dapD::U00096.2:185122-185947	ECP_0174::CP000247.1:189595-190420	96.970	825	25	0	1	825	1	825	0.0	1386
b0168_map::U00096.2:188711-189506	ECP_0176::CP000247.1:193184-193979	98.994	795	8	0	1	795	1	795	0.0	1424
b0169_rpsB::U00096.2:189873-190599	ECP_0177::CP000247.1:194346-195072	99.725	726	2	0	1	726	1	726	0.0	1330
b0170_tsf::U00096.2:190856-191708	ECP_0178::CP000247.1:195206-196058	99.648	852	3	0	1	852	1	852	0.0	1557
b0171_pyrH::U00096.2:191854-192580	ECP_0179::CP000247.1:196204-196930	99.449	726	4	0	1	726	1	726	0.0	1319
b0172_frr::U00096.2:192871-193429	ECP_0180::CP000247.1:197079-197637	99.283	558	4	0	1	558	1	558	0.0	1009
b0173_dxr::U00096.2:193520-194717	ECP_0181::CP000247.1:197728-198925	99.332	1197	8	0	1	1197	1	1197	0.0	2167
b0174_ispU::U00096.2:194902-195664	ECP_0182::CP000247.1:199110-199872	99.606	762	3	0	1	762	1	762	0.0	1391
b0175_cdsA::U00096.2:195676-196534	ECP_0183::CP000247.1:199884-200742	98.601	858	12	0	1	858	1	858	0.0	1519
b0176_rseP::U00096.2:196545-197898	ECP_0184::CP000247.1:200753-202106	99.483	1353	7	0	1	1353	1	1353	0.0	2460
b0177_bamA::U00096.2:197927-200360	ECP_0185::CP000247.1:202135-204568	98.561	2433	35	0	1	2433	1	2433	0.0	4300
b0179_lpxD::U00096.2:200970-201996	ECP_0187::CP000247.1:205178-206204	98.928	1026	11	0	1	1026	1	1026	0.0	1834
b0180_fabZ::U00096.2:202100-202556	ECP_0188::CP000247.1:206308-206764	99.342	456	3	0	1	456	1	456	0.0	826
b0181_lpxA::U00096.2:202559-203348	ECP_0189::CP000247.1:206767-207556	99.113	789	7	0	1	789	1	789	0.0	1419
b0182_lpxB::U00096.2:203347-204496	ECP_0190::CP000247.1:207555-208704	97.041	1149	34	0	1	1149	1	1149	0.0	1934
b0184_dnaE::U00096.2:205125-208608	ECP_0192::CP000247.1:209333-212816	98.134	3483	65	0	1	3483	1	3483	0.0	6072
b0185_accA::U00096.2:208620-209580	ECP_0193::CP000247.1:212828-213788	98.229	960	17	0	1	960	1	960	0.0	1679
b0188_tilS::U00096.2:212330-213629	ECP_0196::CP000247.1:216537-217851	94.068	1298	73	4	1	1296	1	1296	0.0	1967
b0194_proS::U00096.2:217056-218775	ECP_0204::CP000247.1:221217-222936	97.208	1719	48	0	1	1719	1	1719	0.0	2909
b0369_hemB::U00096.2:387976-388951	ECP_0432::CP000247.1:457403-458411	98.051	975	19	0	1	975	1	975	0.0	1696
b0408_secD::U00096.2:426870-428718	ECP_0467::CP000247.1:495136-496984	98.377	1848	30	0	1	1848	1	1848	0.0	3247
b0409_secF::U00096.2:428728-429700	ECP_0468::CP000247.1:496949-497966	98.971	972	10	0	1	972	46	1017	0.0	1740
b0414_ribD::U00096.2:432678-433782	ECP_0473::CP000247.1:500824-501910	95.304	1086	51	0	19	1104	1	1086	0.0	1724
b0415_ribE::U00096.2:433870-434341	ECP_0474::CP000247.1:501998-502469	99.575	471	2	0	1	471	1	471	0.0	859
b0416_nusB::U00096.2:434360-434780	ECP_0475::CP000247.1:502488-502908	98.804	418	5	0	1	418	1	418	0.0	745
b0417_thiL::U00096.2:434857-435835	ECP_0476::CP000247.1:502985-503963	98.773	978	12	0	1	978	1	978	0.0	1740
b0420_dxs::U00096.2:437538-439401	ECP_0479::CP000247.1:505541-507404	96.940	1863	57	0	1	1863	1	1863	0.0	3125
b0421_ispA::U00096.2:439425-440325	ECP_0480::CP000247.1:507428-508328	98.222	900	16	0	1	900	1	900	0.0	1574
b0470_dnaX::U00096.2:491315-493247	ECP_0531::CP000247.1:559332-561264	98.085	1932	37	0	1	1932	1	1932	0.0	3363
b0474_adk::U00096.2:496398-497043	ECP_0535::CP000247.1:564415-565060	97.674	645	15	0	1	645	1	645	0.0	1109
b0475_hemH::U00096.2:497278-498241	ECP_0536::CP000247.1:565191-566154	96.885	963	30	0	1	963	1	963	0.0	1613
b0524_lpxH::U00096.2:552440-553163	ECP_0585::CP000247.1:616179-616902	96.806	720	22	1	4	723	5	723	0.0	1201
b0526_cysS::U00096.2:553833-555219	ECP_0587::CP000247.1:617572-618958	96.537	1386	48	0	1	1386	1	1386	0.0	2294
b0529_folD::U00096.2:556097-556964	ECP_0590::CP000247.1:619836-620703	97.232	867	24	0	1	867	1	867	0.0	1469
b0634_mrdB::U00096.2:664423-665536	ECP_0664::CP000247.1:699061-700174	98.203	1113	20	0	1	1113	1	1113	0.0	1945
b0635_mrdA::U00096.2:665538-667440	ECP_0665::CP000247.1:700176-702078	98.265	1902	33	0	1	1902	1	1902	0.0	3330
b0639_nadD::U00096.2:669153-669795	ECP_0669::CP000247.1:703791-704433	98.131	642	12	0	1	642	1	642	0.0	1120
b0640_holA::U00096.2:669796-670828	ECP_0670::CP000247.1:704434-705466	97.771	1032	23	0	1	1032	1	1032	0.0	1779
b0641_lptE::U00096.2:670827-671409	ECP_0671::CP000247.1:705465-706047	99.141	582	5	0	1	582	1	582	0.0	1048
b0642_leuS::U00096.2:671423-674006	ECP_0672::CP000247.1:706061-708644	98.180	2583	47	0	1	2583	1	2583	0.0	4510
b0657_lnt::U00096.2:688565-690104	ECP_0680::CP000247.1:716133-717672	97.047	1524	45	0	16	1539	16	1539	0.0	2566
b0680_glnS::U00096.2:705315-706980	ECP_0700::CP000247.1:741438-743103	97.417	1665	43	0	1	1665	1	1665	0.0	2837
b0684_fldA::U00096.2:710157-710688	ECP_0705::CP000247.1:746144-746675	96.045	531	21	0	1	531	1	531	0.0	865
b0733_cydA::U00096.2:770680-772249	ECP_0743::CP000247.1:786830-788399	98.470	1569	24	0	1	1569	1	1569	0.0	2765
b0884_infA::U00096.2:925447-925666	ECP_0898::CP000247.1:940016-940235	100.000	219	0	0	1	219	1	219	7.07e-114	405
b0886_cydC::U00096.2:926696-928418	ECP_0900::CP000247.1:941265-942987	97.445	1722	44	0	1	1722	1	1722	0.0	2937
b0890_ftsK::U00096.2:932446-936436	ECP_0904::CP000247.1:947014-950995	96.770	1734	47	4	2257	3990	2257	3981	0.0	2883
b0891_lolA::U00096.2:936594-937206	ECP_0905::CP000247.1:951150-951765	99.020	612	6	0	1	612	4	615	0.0	1098
b0893_serS::U00096.2:938650-939943	ECP_0907::CP000247.1:953209-954502	97.757	1293	29	0	1	1293	1	1293	0.0	2228
b0911_rpsA::U00096.2:961217-962891	ECP_0922::CP000247.1:972554-974228	99.761	1674	4	0	1	1674	1	1674	0.0	3070
b0914_msbA::U00096.2:965843-967592	ECP_0925::CP000247.1:977178-978927	97.999	1749	35	0	1	1749	1	1749	0.0	3037
b0915_lpxK::U00096.2:967588-968575	ECP_0926::CP000247.1:978923-979910	97.670	987	23	0	1	987	1	987	0.0	1696
b0918_kdsB::U00096.2:970074-970821	ECP_0929::CP000247.1:981409-982156	96.653	747	25	0	1	747	1	747	0.0	1242
b0922_mukF::U00096.2:973541-974864	ECP_0933::CP000247.1:984876-986199	97.884	1323	28	0	1	1323	1	1323	0.0	2289
b0923_mukE::U00096.2:974844-975549	ECP_0934::CP000247.1:986179-986884	97.730	705	16	0	1	705	1	705	0.0	1214
b0924_mukB::U00096.2:975548-980009	ECP_0935::CP000247.1:986883-991344	97.557	4461	109	0	1	4461	1	4461	0.0	7635
b0930_asnS::U00096.2:986807-988208	ECP_0941::CP000247.1:997972-999373	98.858	1401	16	0	1	1401	1	1401	0.0	2499
b0954_fabA::U00096.2:1015174-1015693	ECP_0959::CP000247.1:1019325-1019952	98.459	519	8	0	1	519	1	519	0.0	915
b1069_murJ::U00096.2:1127061-1128597	ECP_1061::CP000247.1:1118721-1120257	97.721	1536	35	0	1	1536	1	1536	0.0	2643
b1084_rne::U00096.2:1140404-1143590	ECP_1076::CP000247.1:1132060-1135246	97.646	3186	75	0	1	3186	1	3186	0.0	5469
b1085_yceQ::U00096.2:1143724-1144045	ECP_1077::CP000247.1:1135380-1135701	99.688	321	1	0	1	321	1	321	9.90e-169	588
b1092_fabD::U00096.2:1148950-1149880	ECP_1084::CP000247.1:1140606-1141536	99.140	930	8	0	1	930	1	930	0.0	1674
b1093_fabG::U00096.2:1149892-1150627	ECP_1085::CP000247.1:1141548-1142283	100.000	735	0	0	1	735	1	735	0.0	1358
b1094_acpP::U00096.2:1150837-1151074	ECP_1086::CP000247.1:1142493-1142730	100.000	237	0	0	1	237	1	237	7.60e-124	438
b1098_tmk::U00096.2:1154346-1154988	ECP_1090::CP000247.1:1146001-1146643	96.106	642	25	0	1	642	1	642	0.0	1048
b1099_holB::U00096.2:1154984-1155989	ECP_1091::CP000247.1:1146639-1147644	98.209	1005	18	0	1	1005	1	1005	0.0	1757
b1116_lolC::U00096.2:1174649-1175849	ECP_1109::CP000247.1:1166324-1167524	97.000	1200	36	0	1	1200	1	1200	0.0	2017
b1117_lolD::U00096.2:1175841-1176543	ECP_1110::CP000247.1:1167573-1168218	95.969	645	26	0	58	702	1	645	0.0	1048
b1118_lolE::U00096.2:1176542-1177787	ECP_4322::CP000247.1:4533751-4535803	86.111	36	1	3	451	484	1175	1142	0.066	36.2
b1131_purB::U00096.2:1189838-1191209	ECP_1126::CP000247.1:1181511-1182882	98.031	1371	27	0	1	1371	1	1371	0.0	2383
b1145_cohE::U00096.2:1201481-1202156	ECP_2273::CP000247.1:2372004-2373693	94.737	19	1	0	631	649	817	799	1.6	30.7
b1204_pth::U00096.2:1257151-1257736	ECP_1252::CP000247.1:1280966-1281551	98.803	585	7	0	1	585	1	585	0.0	1042
b1207_prs::U00096.2:1260150-1261098	ECP_1255::CP000247.1:1283965-1284913	99.684	948	3	0	1	948	1	948	0.0	1735
b1208_ispE::U00096.2:1261248-1262100	ECP_1256::CP000247.1:1285063-1285915	97.418	852	22	0	1	852	1	852	0.0	1452
b1209_lolB::U00096.2:1262099-1262723	ECP_1257::CP000247.1:1285914-1286538	96.955	624	19	0	1	624	1	624	0.0	1048
b1210_hemA::U00096.2:1262936-1264193	ECP_1258::CP000247.1:1286751-1288008	93.715	1257	79	0	1	1257	1	1257	0.0	1884
b1211_prfA::U00096.2:1264234-1265317	ECP_1259::CP000247.1:1288049-1289132	98.061	1083	21	0	1	1083	1	1083	0.0	1884
b1212_prmC::U00096.2:1265316-1266150	ECP_1260::CP000247.1:1289131-1289965	98.201	834	15	0	1	834	1	834	0.0	1458
b1215_kdsA::U00096.2:1267387-1268242	ECP_1263::CP000247.1:1291202-1292057	98.246	855	15	0	1	855	1	855	0.0	1496
b1274_topA::U00096.2:1329071-1331669	ECP_1325::CP000247.1:1354113-1356753	98.345	2598	43	0	1	2598	43	2640	0.0	4560
b1277_ribA::U00096.2:1336593-1337184	ECP_1330::CP000247.1:1361663-1362254	99.323	591	4	0	1	591	1	591	0.0	1070
b1288_fabI::U00096.2:1348274-1349063	ECP_1342::CP000247.1:1373341-1374130	98.986	789	8	0	1	789	1	789	0.0	1413
b1356_racR::U00096.2:1417788-1418265	ECP_4580::CP000247.1:4782995-4792724	100.000	16	0	0	15	30	5340	5355	1.1	30.7
b1570_dicA::U00096.2:1645957-1646365	ECP_4308::CP000247.1:4518804-4519188	94.737	19	1	0	292	310	135	153	0.97	30.7
b1637_tyrS::U00096.2:1713971-1715246	ECP_4138::CP000247.1:4318248-4318734	95.238	21	1	0	172	192	253	273	0.24	34.4
b1662_ribC::U00096.2:1740624-1741266	ECP_1609::CP000247.1:1657558-1658200	97.975	642	13	0	1	642	1	642	0.0	1114
b1713_pheT::U00096.2:1793580-1795968	ECP_1661::CP000247.1:1710342-1712730	97.781	2388	53	0	1	2388	1	2388	0.0	4117
b1714_pheS::U00096.2:1795982-1796966	ECP_1662::CP000247.1:1712744-1713728	98.577	984	14	0	1	984	1	984	0.0	1740
b1716_rplT::U00096.2:1797416-1797773	ECP_1663::CP000247.1:1714178-1714535	99.440	357	2	0	1	357	1	357	0.0	649
b1718_infC::U00096.2:1798119-1798662	ECP_1665::CP000247.1:1714881-1715316	100.000	435	0	0	1	435	1	435	0.0	804
b1719_thrS::U00096.2:1798665-1800594	ECP_1666::CP000247.1:1715427-1717356	99.222	1929	15	0	1	1929	1	1929	0.0	3480
b1740_nadE::U00096.2:1820481-1821309	ECP_1686::CP000247.1:1735123-1735951	98.188	828	15	0	1	828	1	828	0.0	1447
b1779_gapA::U00096.2:1860794-1861790	ECP_1727::CP000247.1:1780179-1781175	99.699	996	3	0	1	996	1	996	0.0	1823
b1807_tsaB::U00096.2:1888595-1889291	ECP_1750::CP000247.1:1802421-1803117	96.695	696	23	0	1	696	1	696	0.0	1158
b1866_aspS::U00096.2:1946773-1948546	ECP_1810::CP000247.1:1860477-1862250	98.195	1773	32	0	1	1773	1	1773	0.0	3097
b1876_argS::U00096.2:1958085-1959819	ECP_1822::CP000247.1:1871789-1873523	97.636	1734	41	0	1	1734	1	1734	0.0	2976
b1912_pgsA::U00096.2:1990292-1990841	ECP_1852::CP000247.1:1901120-1901669	98.361	549	9	0	1	549	1	549	0.0	965
b2114_metG::U00096.2:2192321-2194355	ECP_2152::CP000247.1:2234788-2236831	96.509	2034	71	0	1	2034	10	2043	0.0	3363
b2153_folE::U00096.2:2241005-2241674	ECP_2193::CP000247.1:2283851-2284520	99.103	669	6	0	1	669	1	669	0.0	1203
b2188_yejM::U00096.2:2282397-2284158	ECP_2229::CP000247.1:2325222-2326983	98.353	1761	29	0	1	1761	1	1761	0.0	3092
b2231_gyrA::U00096.2:2334814-2337442	ECP_2274::CP000247.1:2373841-2376469	97.793	2628	58	0	1	2628	1	2628	0.0	4532
b2234_nrdA::U00096.2:2342886-2345172	ECP_2277::CP000247.1:2381917-2384203	97.682	2286	53	0	1	2286	1	2286	0.0	3928
b2235_nrdB::U00096.2:2345405-2346536	ECP_2278::CP000247.1:2384392-2385523	95.844	1131	47	0	1	1131	1	1131	0.0	1829
b2315_folC::U00096.2:2429695-2430964	ECP_2354::CP000247.1:2463506-2464775	98.897	1269	14	0	1	1269	1	1269	0.0	2266
b2316_accD::U00096.2:2431033-2431948	ECP_2355::CP000247.1:2464844-2465759	98.470	915	14	0	1	915	1	915	0.0	1613
b2323_fabB::U00096.2:2438406-2439627	ECP_2362::CP000247.1:2472217-2473438	98.034	1221	24	0	1	1221	1	1221	0.0	2122
b2400_gltX::U00096.2:2517278-2518694	ECP_2422::CP000247.1:2541334-2542750	97.881	1416	30	0	1	1416	1	1416	0.0	2449
b2411_ligA::U00096.2:2526182-2528198	ECP_2435::CP000247.1:2550084-2552100	97.619	2016	48	0	1	2016	1	2016	0.0	3458
b2412_zipA::U00096.2:2528268-2529255	ECP_2436::CP000247.1:2552170-2553169	97.397	999	14	5	1	987	1	999	0.0	1690
b2472_dapE::U00096.2:2589628-2590756	ECP_2485::CP000247.1:2603490-2604618	98.138	1128	21	0	1	1128	1	1128	0.0	1967
b2478_dapA::U00096.2:2596903-2597782	ECP_2492::CP000247.1:2610736-2611615	99.090	879	8	0	1	879	1	879	0.0	1580
b2496_hda::U00096.2:2616096-2616798	ECP_2498::CP000247.1:2616156-2616903	98.575	702	10	0	1	702	1	702	0.0	1242
b2511_der::U00096.2:2633905-2635378	ECP_2516::CP000247.1:2645627-2647100	97.149	1473	42	0	1	1473	1	1473	0.0	2488
b2514_hisS::U00096.2:2637322-2638597	ECP_2519::CP000247.1:2649044-2650319	98.039	1275	25	0	1	1275	1	1275	0.0	2217
b2515_ispG::U00096.2:2638707-2639826	ECP_2520::CP000247.1:2650429-2651548	98.928	1119	12	0	1	1119	1	1119	0.0	2001
b2533_suhB::U00096.2:2661463-2662267	ECP_2538::CP000247.1:2672554-2673358	99.129	804	7	0	1	804	1	804	0.0	1447
b2559_tadA::U00096.2:2695375-2695879	ECP_2561::CP000247.1:2702768-2703305	96.825	504	16	0	1	504	1	504	0.0	843
b2563_acpS::U00096.2:2698639-2699020	ECP_2565::CP000247.1:2706032-2706413	95.276	381	18	0	1	381	1	381	1.18e-173	604
b2566_era::U00096.2:2700502-2701408	ECP_2568::CP000247.1:2707895-2708801	96.578	906	31	0	1	906	1	906	0.0	1502
b2568_lepB::U00096.2:2702356-2703331	ECP_2570::CP000247.1:2709744-2710719	97.949	975	20	0	1	975	1	975	0.0	1690
b2573_rpoE::U00096.2:2707458-2708034	ECP_2575::CP000247.1:2714846-2715422	100.000	576	0	0	1	576	1	576	0.0	1064
b2585_pssA::U00096.2:2720748-2722104	ECP_2587::CP000247.1:2727960-2729316	99.558	1356	6	0	1	1356	1	1356	0.0	2471
b2595_bamD::U00096.2:2734167-2734905	ECP_2598::CP000247.1:2744010-2744748	99.051	738	7	0	1	738	1	738	0.0	1325
b2606_rplS::U00096.2:2742204-2742552	ECP_2607::CP000247.1:2752046-2752394	100.000	348	0	0	1	348	1	348	0.0	643
b2607_trmD::U00096.2:2742593-2743361	ECP_2608::CP000247.1:2752435-2753203	99.870	768	1	0	1	768	1	768	0.0	1413
b2609_rpsP::U00096.2:2743958-2744207	ECP_2610::CP000247.1:2753800-2754049	100.000	249	0	0	1	249	1	249	1.71e-130	460
b2610_ffh::U00096.2:2744455-2745817	ECP_2611::CP000247.1:2754185-2755547	97.724	1362	31	0	1	1362	1	1362	0.0	2344
b2614_grpE::U00096.2:2748136-2748730	ECP_2614::CP000247.1:2757866-2758460	98.316	594	10	0	1	594	1	594	0.0	1042
b2615_nadK::U00096.2:2748852-2749731	ECP_2615::CP000247.1:2758582-2759461	97.270	879	24	0	1	879	1	879	0.0	1491
b2696_csrA::U00096.2:2816982-2817168	ECP_2656::CP000247.1:2795841-2796027	100.000	186	0	0	1	186	1	186	1.31e-95	344
b2697_alaS::U00096.2:2817402-2820033	ECP_2657::CP000247.1:2796261-2798892	98.746	2631	33	0	1	2631	1	2631	0.0	4676
b2746_ispF::U00096.2:2869322-2869802	ECP_2728::CP000247.1:2866201-2866681	97.292	480	13	0	1	480	1	480	0.0	815
b2747_ispD::U00096.2:2869801-2870512	ECP_2729::CP000247.1:2866680-2867391	95.218	711	34	0	1	711	1	711	0.0	1125
b2748_ftsB::U00096.2:2870530-2870842	ECP_2730::CP000247.1:2867409-2867721	98.397	312	5	0	1	312	1	312	4.53e-157	549
b2779_eno::U00096.2:2904664-2905963	ECP_2760::CP000247.1:2900050-2901349	99.461	1299	7	0	1	1299	1	1299	0.0	2361
b2780_pyrG::U00096.2:2906050-2907688	ECP_2761::CP000247.1:2901436-2903074	98.596	1638	23	0	1	1638	1	1638	0.0	2898
b2828_lgt::U00096.2:2963183-2964059	ECP_2841::CP000247.1:2995816-2996692	98.630	876	12	0	1	876	1	876	0.0	1552
b2891_prfB::U00096.2:3033205-3034304	ECP_2884::CP000247.1:3054066-3054948	98.073	882	17	0	1	882	1	882	0.0	1535
b2925_fbaA::U00096.2:3068186-3069266	ECP_2914::CP000247.1:3083345-3084611	97.687	1081	24	1	1	1080	186	1266	0.0	1857
b2926_pgk::U00096.2:3069480-3070644	ECP_2915::CP000247.1:3084825-3085989	99.485	1164	6	0	1	1164	1	1164	0.0	2117
b2942_metK::U00096.2:3084727-3085882	ECP_2935::CP000247.1:3104510-3105665	98.442	1155	18	0	1	1155	1	1155	0.0	2034
b2949_yqgF::U00096.2:3091521-3091938	ECP_2943::CP000247.1:3111317-3111734	97.122	417	12	0	1	417	1	417	0.0	704
b3018_plsC::U00096.2:3160765-3161503	ECP_3107::CP000247.1:3272065-3272803	97.832	738	16	0	1	738	1	738	0.0	1275
b3019_parC::U00096.2:3161736-3163995	ECP_3108::CP000247.1:3273036-3275295	98.274	2259	39	0	1	2259	1	2259	0.0	3956
b3030_parE::U00096.2:3171525-3173418	ECP_3122::CP000247.1:3288569-3290462	96.083	1889	74	0	5	1893	5	1893	0.0	3079
b3041_ribB::U00096.2:3181834-3182488	ECP_3136::CP000247.1:3302539-3303193	98.165	654	12	0	1	654	1	654	0.0	1142
b3056_cca::U00096.2:3199912-3201151	ECP_3146::CP000247.1:3313675-3314914	97.976	1235	25	0	1	1235	1	1235	0.0	2143
b3058_folB::U00096.2:3202242-3202611	ECP_3148::CP000247.1:3315906-3316275	99.729	369	1	0	1	369	1	369	0.0	676
b3064_tsaD::U00096.2:3207551-3208565	ECP_3154::CP000247.1:3321215-3322229	96.943	1014	31	0	1	1014	1	1014	0.0	1701
b3066_dnaG::U00096.2:3209128-3210874	ECP_3156::CP000247.1:3322792-3324538	98.797	1746	21	0	1	1746	1	1746	0.0	3109
b3067_rpoD::U00096.2:3211068-3212910	ECP_3157::CP000247.1:3324732-3326574	99.349	1842	12	0	1	1842	1	1842	0.0	3336
b3168_infB::U00096.2:3311363-3314036	ECP_3256::CP000247.1:3423791-3426464	98.429	2673	42	0	1	2673	1	2673	0.0	4704
b3169_nusA::U00096.2:3314060-3315548	ECP_3257::CP000247.1:3426488-3427976	98.522	1488	22	0	1	1488	1	1488	0.0	2627
b3176_glmM::U00096.2:3320754-3322092	ECP_3263::CP000247.1:3433179-3434517	97.235	1338	37	0	1	1338	1	1338	0.0	2266
b3178_ftsH::U00096.2:3323022-3324957	ECP_3265::CP000247.1:3435447-3437382	98.760	1935	24	0	1	1935	1	1935	0.0	3441
b3183_obgE::U00096.2:3328603-3329776	ECP_3270::CP000247.1:3440883-3442056	97.698	1173	27	0	1	1173	1	1173	0.0	2017
b3185_rpmA::U00096.2:3330883-3331141	ECP_3272::CP000247.1:3443164-3443422	98.062	258	5	0	1	258	1	258	3.85e-127	449
b3186_rplU::U00096.2:3331161-3331473	ECP_3273::CP000247.1:3443442-3443754	100.000	312	0	0	1	312	1	312	2.08e-165	577
b3187_ispB::U00096.2:3331731-3332703	ECP_3274::CP000247.1:3444012-3444984	98.765	972	12	0	1	972	1	972	0.0	1729
b3189_murA::U00096.2:3333256-3334516	ECP_3276::CP000247.1:3445542-3446802	98.810	1260	15	0	1	1260	1	1260	0.0	2244
b3199_lptC::U00096.2:3340857-3341433	ECP_3287::CP000247.1:3453142-3453718	99.132	576	5	0	1	576	1	576	0.0	1037
b3200_lptA::U00096.2:3341401-3341959	ECP_3288::CP000247.1:3453686-3454244	99.462	558	3	0	1	558	1	558	0.0	1014
b3201_lptB::U00096.2:3341965-3342691	ECP_3289::CP000247.1:3454250-3454976	99.311	726	5	0	1	726	1	726	0.0	1314
b3230_rpsI::U00096.2:3375836-3376229	ECP_3313::CP000247.1:3479413-3479806	99.746	393	1	0	1	393	1	393	0.0	721
b3231_rplM::U00096.2:3376244-3376673	ECP_3314::CP000247.1:3479821-3480250	100.000	429	0	0	1	429	1	429	0.0	793
b3235_degS::U00096.2:3380221-3381289	ECP_3318::CP000247.1:3483799-3484867	93.633	1068	68	0	1	1068	1	1068	0.0	1596
b3249_mreD::U00096.2:3396408-3396897	ECP_3332::CP000247.1:3499704-3500193	99.387	489	3	0	1	489	1	489	0.0	887
b3250_mreC::U00096.2:3396896-3398000	ECP_3333::CP000247.1:3500192-3501296	98.641	1104	15	0	1	1104	1	1104	0.0	1956
b3251_mreB::U00096.2:3398065-3399109	ECP_3334::CP000247.1:3501361-3502405	98.946	1044	11	0	1	1044	1	1044	0.0	1868
b3255_accB::U00096.2:3403457-3403928	ECP_3340::CP000247.1:3506753-3507224	100.000	471	0	0	1	471	1	471	0.0	870
b3256_accC::U00096.2:3403938-3405288	ECP_3341::CP000247.1:3507234-3508584	98.593	1350	19	0	1	1350	1	1350	0.0	2388
b3282_tsaC::U00096.2:3428864-3429437	ECP_3370::CP000247.1:3540483-3541101	98.080	573	11	0	1	573	1	573	0.0	998
b3287_def::U00096.2:3431711-3432221	ECP_3374::CP000247.1:3543330-3543840	99.020	510	5	0	1	510	1	510	0.0	915
b3288_fmt::U00096.2:3432235-3433183	ECP_3375::CP000247.1:3543854-3544802	96.414	948	34	0	1	948	1	948	0.0	1563
b3294_rplQ::U00096.2:3437637-3438021	ECP_3382::CP000247.1:3549265-3549649	99.740	384	1	0	1	384	1	384	0.0	704
b3295_rpoA::U00096.2:3438061-3439051	ECP_3383::CP000247.1:3549689-3550679	100.000	990	0	0	1	990	1	990	0.0	1829
b3296_rpsD::U00096.2:3439076-3439697	ECP_3384::CP000247.1:3550704-3551325	100.000	621	0	0	1	621	1	621	0.0	1147
b3297_rpsK::U00096.2:3439730-3440120	ECP_3385::CP000247.1:3551358-3551748	99.744	390	1	0	1	390	1	390	0.0	715
b3298_rpsM::U00096.2:3440136-3440493	ECP_3386::CP000247.1:3551764-3552121	100.000	357	0	0	1	357	1	357	0.0	660
b3300_secY::U00096.2:3440787-3442119	ECP_3388::CP000247.1:3552415-3553747	99.550	1332	6	0	1	1332	1	1332	0.0	2427
b3301_rplO::U00096.2:3442126-3442561	ECP_3389::CP000247.1:3553754-3554189	99.310	435	3	0	1	435	1	435	0.0	787
b3302_rpmD::U00096.2:3442564-3442744	ECP_3390::CP000247.1:3554192-3554372	100.000	180	0	0	1	180	1	180	2.74e-92	333
b3303_rpsE::U00096.2:3442747-3443251	ECP_3391::CP000247.1:3554375-3554879	99.008	504	5	0	1	504	1	504	0.0	904
b3304_rplR::U00096.2:3443265-3443619	ECP_3392::CP000247.1:3554893-3555247	100.000	354	0	0	1	354	1	354	0.0	654
b3305_rplF::U00096.2:3443628-3444162	ECP_3393::CP000247.1:3555256-3555790	100.000	534	0	0	1	534	1	534	0.0	987
b3306_rpsH::U00096.2:3444174-3444567	ECP_3394::CP000247.1:3555802-3556195	100.000	393	0	0	1	393	1	393	0.0	726
b3307_rpsN::U00096.2:3444600-3444906	ECP_3395::CP000247.1:3556228-3556534	100.000	306	0	0	1	306	1	306	4.41e-162	566
b3308_rplE::U00096.2:3444920-3445460	ECP_3396::CP000247.1:3556548-3557088	100.000	540	0	0	1	540	1	540	0.0	998
b3309_rplX::U00096.2:3445474-3445789	ECP_3397::CP000247.1:3557102-3557417	99.683	315	1	0	1	315	1	315	2.10e-165	577
b3310_rplN::U00096.2:3445799-3446171	ECP_3398::CP000247.1:3557427-3557799	99.462	372	2	0	1	372	1	372	0.0	676
b3311_rpsQ::U00096.2:3446335-3446590	ECP_3399::CP000247.1:3557963-3558218	100.000	255	0	0	1	255	1	255	8.12e-134	472
b3312_rpmC::U00096.2:3446589-3446781	ECP_3400::CP000247.1:3558217-3558409	100.000	192	0	0	1	192	1	192	6.23e-99	355
b3313_rplP::U00096.2:3446780-3447191	ECP_3401::CP000247.1:3558408-3558819	99.757	411	1	0	1	411	1	411	0.0	754
b3314_rpsC::U00096.2:3447203-3447905	ECP_3402::CP000247.1:3558831-3559533	100.000	702	0	0	1	702	1	702	0.0	1297
b3315_rplV::U00096.2:3447922-3448255	ECP_3403::CP000247.1:3559550-3559883	100.000	333	0	0	1	333	1	333	4.72e-177	616
b3316_rpsS::U00096.2:3448269-3448548	ECP_3404::CP000247.1:3559897-3560176	99.642	279	1	0	1	279	1	279	1.90e-145	510
b3317_rplB::U00096.2:3448564-3449386	ECP_3405::CP000247.1:3560192-3561014	100.000	822	0	0	1	822	1	822	0.0	1519
b3318_rplW::U00096.2:3449403-3449706	ECP_3406::CP000247.1:3561031-3561334	100.000	303	0	0	1	303	1	303	2.03e-160	560
b3319_rplD::U00096.2:3449702-3450308	ECP_3407::CP000247.1:3561330-3561936	99.835	606	1	0	1	606	1	606	0.0	1114
b3320_rplC::U00096.2:3450318-3450948	ECP_3408::CP000247.1:3561946-3562576	99.841	630	1	0	1	630	1	630	0.0	1158
b3321_rpsJ::U00096.2:3450980-3451292	ECP_3409::CP000247.1:3562608-3562920	99.679	312	1	0	1	312	1	312	9.67e-164	571
b3340_fusA::U00096.2:3469421-3471536	ECP_3430::CP000247.1:3583035-3585150	99.574	2115	9	0	1	2115	1	2115	0.0	3856
b3341_rpsG::U00096.2:3471563-3472103	ECP_3431::CP000247.1:3585246-3585717	100.000	469	0	0	72	540	3	471	0.0	867
b3342_rpsL::U00096.2:3472199-3472574	ECP_3432::CP000247.1:3585813-3586188	99.467	375	2	0	1	375	1	375	0.0	682
b3384_trpS::U00096.2:3510655-3511660	ECP_3469::CP000247.1:3618955-3619960	98.010	1005	20	0	1	1005	1	1005	0.0	1746
b3398_yrfF::U00096.2:3524490-3526626	ECP_3484::CP000247.1:3632793-3634929	97.800	2136	47	0	1	2136	1	2136	0.0	3685
b3433_asd::U00096.2:3571797-3572901	ECP_3527::CP000247.1:3689673-3690777	98.913	1104	12	0	1	1104	1	1104	0.0	1973
b3461_rpoH::U00096.2:3597951-3598806	ECP_3554::CP000247.1:3718334-3719189	97.895	855	18	0	1	855	1	855	0.0	1480
b3462_ftsX::U00096.2:3599050-3600109	ECP_3555::CP000247.1:3719433-3720492	96.978	1059	32	0	1	1059	1	1059	0.0	1779
b3463_ftsE::U00096.2:3600101-3600770	ECP_3556::CP000247.1:3720484-3721153	98.954	669	7	0	1	669	1	669	0.0	1197
b3464_ftsY::U00096.2:3600772-3602266	ECP_3557::CP000247.1:3721155-3722652	97.462	1497	35	2	1	1494	1	1497	0.0	2551
b3559_glyS::U00096.2:3720350-3722420	ECP_3661::CP000247.1:3835151-3837221	96.329	2070	76	0	1	2070	1	2070	0.0	3402
b3560_glyQ::U00096.2:3722429-3723341	ECP_3662::CP000247.1:3837230-3838142	99.013	912	9	0	1	912	1	912	0.0	1635
b3608_gpsA::U00096.2:3780664-3781684	ECP_3709::CP000247.1:3890298-3891318	97.745	1020	23	0	1	1020	1	1020	0.0	1757
b3633_waaA::U00096.2:3806562-3807840	ECP_3731::CP000247.1:3913009-3914287	98.748	1278	16	0	1	1278	1	1278	0.0	2272
b3634_coaD::U00096.2:3807847-3808327	ECP_3732::CP000247.1:3914294-3914774	98.333	480	8	0	1	480	1	480	0.0	843
b3637_rpmB::U00096.2:3809460-3809697	ECP_3735::CP000247.1:3915907-3916144	99.578	237	1	0	1	237	1	237	3.54e-122	433
b3639_dfp::U00096.2:3810753-3811974	ECP_3737::CP000247.1:3917200-3918421	98.198	1221	22	0	1	1221	1	1221	0.0	2134
b3640_dut::U00096.2:3811954-3812410	ECP_3738::CP000247.1:3918398-3918857	99.781	456	1	0	1	456	4	459	0.0	837
b3648_gmk::U00096.2:3819450-3820074	ECP_3746::CP000247.1:3925900-3926524	99.679	624	2	0	1	624	1	624	0.0	1142
b3650_spoT::U00096.2:3820422-3822531	ECP_3748::CP000247.1:3926872-3928981	97.771	2109	47	0	1	2109	1	2109	0.0	3635
b3699_gyrB::U00096.2:3875727-3878142	ECP_3900::CP000247.1:4062201-4064616	98.261	2415	42	0	1	2415	1	2415	0.0	4228
b3701_dnaN::U00096.2:3879243-3880344	ECP_3902::CP000247.1:4065717-4066818	97.548	1101	27	0	1	1101	1	1101	0.0	1884
b3702_dnaA::U00096.2:3880348-3881752	ECP_3903::CP000247.1:4066822-4068157	98.502	1335	20	0	1	1335	1	1335	0.0	2355
b3703_rpmH::U00096.2:3882358-3882499	ECP_3904::CP000247.1:4068739-4068880	100.000	48	0	0	1	48	94	141	4.94e-19	89.8
b3704_rnpA::U00096.2:3882515-3882875	ECP_3905::CP000247.1:4069022-4069349	100.000	327	0	0	34	360	1	327	1.11e-173	604
b3705_yidC::U00096.2:3883098-3884745	ECP_3906::CP000247.1:4069572-4071219	99.089	1647	15	0	1	1647	1	1647	0.0	2959
b3729_glmS::U00096.2:3909861-3911691	ECP_3928::CP000247.1:4095630-4097460	97.268	1830	50	0	1	1830	1	1830	0.0	3103
b3730_glmU::U00096.2:3911852-3913223	ECP_3929::CP000247.1:4097620-4098991	97.663	1369	32	0	3	1371	3	1371	0.0	2351
b3783_rho::U00096.2:3964439-3965699	ECP_3974::CP000247.1:4149261-4150593	99.286	1260	9	0	1	1260	73	1332	0.0	2278
b3793_wzyE::U00096.2:3976623-3977976	ECP_3985::CP000247.1:4161518-4162871	97.783	1353	30	0	1	1353	1	1353	0.0	2333
b3804_hemD::U00096.2:3987110-3987851	ECP_3996::CP000247.1:4171955-4172696	98.381	741	12	0	1	741	1	741	0.0	1303
b3805_hemC::U00096.2:3987847-3988789	ECP_3997::CP000247.1:4172692-4173655	97.134	942	27	0	1	942	1	942	0.0	1591
b3835_ubiB::U00096.2:4018248-4019889	ECP_4050::CP000247.1:4226182-4227823	98.720	1641	21	0	1	1641	1	1641	0.0	2915
b3843_ubiD::U00096.2:4023010-4024504	ECP_4056::CP000247.1:4230944-4232441	97.729	1497	31	2	1	1494	1	1497	0.0	2573
b3850_hemG::U00096.2:4032630-4033176	ECP_4063::CP000247.1:4240468-4241014	97.619	546	13	0	1	546	1	546	0.0	937
b3865_yihA::U00096.2:4048155-4048788	ECP_4075::CP000247.1:4255826-4256420	98.485	594	8	1	1	593	1	594	0.0	1046
b3933_ftsN::U00096.2:4120402-4121362	ECP_4142::CP000247.1:4321783-4322743	98.125	960	18	0	1	960	1	960	0.0	1674
b3967_murI::U00096.2:4163450-4164308	ECP_4184::CP000247.1:4377529-4378399	98.359	853	14	0	1	853	13	865	0.0	1498
b3972_murB::U00096.2:4170079-4171108	ECP_4186::CP000247.1:4384014-4385043	96.210	1029	39	0	1	1029	1	1029	0.0	1685
b3973_birA::U00096.2:4171104-4172070	ECP_4187::CP000247.1:4385039-4386005	95.135	966	47	0	1	966	1	966	0.0	1524
b3974_coaA::U00096.2:4172098-4173049	ECP_4188::CP000247.1:4386033-4387005	98.738	951	12	0	1	951	1	951	0.0	1690
b3981_secE::U00096.2:4175380-4175764	ECP_4194::CP000247.1:4389315-4389699	99.479	384	2	0	1	384	1	384	0.0	699
b3982_nusG::U00096.2:4175765-4176311	ECP_4195::CP000247.1:4389700-4390246	98.901	546	6	0	1	546	1	546	0.0	976
b3985_rplJ::U00096.2:4178018-4178516	ECP_4198::CP000247.1:4391832-4392330	99.799	498	1	0	1	498	1	498	0.0	915
b3986_rplL::U00096.2:4178582-4178948	ECP_4199::CP000247.1:4392396-4392762	99.727	366	1	0	1	366	1	366	0.0	671
b3987_rpoB::U00096.2:4179267-4183296	ECP_4200::CP000247.1:4393081-4397110	98.734	4029	51	0	1	4029	1	4029	0.0	7158
b3988_rpoC::U00096.2:4183372-4187596	ECP_4201::CP000247.1:4397186-4401410	99.053	4224	40	0	1	4224	1	4224	0.0	7579
b4040_ubiA::U00096.2:4251038-4251911	ECP_4257::CP000247.1:4464843-4465716	98.282	873	15	0	1	873	1	873	0.0	1530
b4041_plsB::U00096.2:4252065-4254489	ECP_4580::CP000247.1:4782995-4792724	92.000	25	1	1	369	393	487	510	0.46	34.4
b4043_lexA::U00096.2:4255137-4255746	ECP_4261::CP000247.1:4468941-4469550	98.686	609	8	0	1	609	1	609	0.0	1081
b4052_dnaB::U00096.2:4262336-4263752	ECP_4268::CP000247.1:4474587-4476003	97.740	1416	32	0	1	1416	1	1416	0.0	2438
b4059_ssb::U00096.2:4272147-4272684	ECP_4287::CP000247.1:4499223-4499760	98.324	537	9	0	1	537	1	537	0.0	942
b4142_groS::U00096.2:4368710-4369004	ECP_4386::CP000247.1:4601159-4601453	100.000	294	0	0	1	294	1	294	1.98e-155	544
b4143_groL::U00096.2:4369047-4370694	ECP_4387::CP000247.1:4601496-4603143	98.118	1647	31	0	1	1647	1	1647	0.0	2870
b4160_psd::U00096.2:4387414-4388383	ECP_4404::CP000247.1:4619009-4619978	97.833	969	21	0	1	969	1	969	0.0	1674
b4161_rsgA::U00096.2:4388479-4389532	ECP_4405::CP000247.1:4620074-4621160	97.626	1053	25	0	1	1053	1	1053	0.0	1807
b4162_orn::U00096.2:4389626-4390172	ECP_4406::CP000247.1:4621077-4621767	97.619	546	13	0	1	546	145	690	0.0	937
b4168_tsaE::U00096.2:4393607-4394069	ECP_4413::CP000247.1:4625201-4625663	99.134	462	4	0	1	462	1	462	0.0	832
b4202_rpsR::U00096.2:4423861-4424089	ECP_4447::CP000247.1:4655367-4655595	100.000	228	0	0	1	228	1	228	7.33e-119	422
b4226_ppa::U00096.2:4447144-4447675	ECP_4476::CP000247.1:4685972-4686503	97.363	531	14	0	1	531	1	531	0.0	904
b4258_valS::U00096.2:4479004-4481860	ECP_4507::CP000247.1:4719618-4722474	97.094	2856	83	0	1	2856	1	2856	0.0	4815
b4261_lptF::U00096.2:4484240-4485341	ECP_4510::CP000247.1:4724952-4726053	99.273	1101	8	0	1	1101	1	1101	0.0	1989
b4262_lptG::U00096.2:4485340-4486423	ECP_4511::CP000247.1:4726052-4727135	98.984	1083	11	0	1	1083	1	1083	0.0	1940
b4361_dnaC::U00096.2:4598260-4598998	ECP_4692::CP000247.1:4898471-4899209	98.645	738	10	0	1	738	1	738	0.0	1308
b4362_dnaT::U00096.2:4599000-4599540	ECP_4693::CP000247.1:4899211-4899751	97.037	540	16	0	1	540	1	540	0.0	909
