b0025_ribF::U00096.2:21406-22348(+)	CP000247.1	97.134	942	27	0	1	942	22950	23891	0.0	1591
b0026_ileS::U00096.2:22390-25207(+)	CP000247.1	95.776	2817	119	0	1	2817	23934	26750	0.0	4543
b0027_lspA::U00096.2:25206-25701(+)	CP000247.1	98.788	495	6	0	1	495	26750	27244	0.0	881
b0029_ispH::U00096.2:26276-27227(+)	CP000247.1	95.584	951	41	1	1	951	27803	28752	0.0	1522
b0031_dapB::U00096.2:28373-29195(+)	CP000247.1	96.715	822	27	0	1	822	29899	30720	0.0	1369
b0048_folA::U00096.2:49822-50302(+)	CP000247.1	97.917	480	10	0	1	480	51368	51847	0.0	832
b0054_lptD::U00096.2:54754-57109(-)	CP000247.1	97.495	2355	59	0	1	2355	59214	56860	0.0	4023
b0083_ftsL::U00096.2:91031-91397(+)	CP000247.1	99.727	366	1	0	1	366	92350	92715	0.0	671
b0084_ftsI::U00096.2:91412-93179(+)	CP000247.1	98.698	1767	23	0	1	1767	92731	94497	0.0	3136
b0085_murE::U00096.2:93165-94653(+)	CP000247.1	97.715	1488	34	0	1	1488	94484	95971	0.0	2560
b0086_murF::U00096.2:94649-96008(+)	CP000247.1	96.983	1359	41	0	1	1359	95968	97326	0.0	2283
b0087_mraY::U00096.2:96001-97084(+)	CP000247.1	97.415	1083	28	0	1	1083	97320	98402	0.0	1845
b0088_murD::U00096.2:97086-98403(+)	CP000247.1	98.102	1317	25	0	1	1317	98405	99721	0.0	2294
b0089_ftsW::U00096.2:98402-99647(+)	CP000247.1	98.474	1245	19	0	1	1245	99721	100965	0.0	2194
b0090_murG::U00096.2:99643-100711(+)	CP000247.1	98.596	1068	15	0	1	1068	100962	102029	0.0	1890
b0091_murC::U00096.2:100764-102240(+)	CP000247.1	98.442	1476	23	0	1	1476	102083	103558	0.0	2599
b0093_ftsQ::U00096.2:103154-103985(+)	CP000247.1	99.398	831	5	0	1	831	104473	105303	0.0	1507
b0094_ftsA::U00096.2:103981-105244(+)	CP000247.1	99.050	1263	12	0	1	1263	105300	106562	0.0	2266
b0095_ftsZ::U00096.2:105304-106456(+)	CP000247.1	98.872	1152	13	0	1	1152	106623	107774	0.0	2056
b0096_lpxC::U00096.2:106556-107474(+)	CP000247.1	99.455	918	5	0	1	918	107875	108792	0.0	1668
b0097_secM::U00096.2:107704-108217(+)	CP000247.1	97.856	513	11	0	1	513	109023	109535	0.0	887
b0098_secA::U00096.2:108278-110984(+)	CP000247.1	98.337	2706	45	0	1	2706	109597	112302	0.0	4748
b0103_coaE::U00096.2:112598-113219(-)	CP000247.1	99.195	621	5	0	1	621	114418	113798	0.0	1120
b0126_can::U00096.2:142007-142670(-)	CP000247.1	98.341	663	11	0	1	663	147786	147124	0.0	1164
b0142_folK::U00096.2:157252-157732(-)	CP000247.1	94.313	422	24	0	1	422	163181	162760	0.0	647
b0154_hemL::U00096.2:173601-174882(-)	CP000247.1	97.889	1279	27	0	1	1279	180106	178828	0.0	2213
b0156_erpA::U00096.2:176609-176954(+)	CP000247.1	99.130	345	3	0	1	345	181834	182178	1.22e-178	621
b0166_dapD::U00096.2:185122-185947(-)	CP000247.1	96.970	825	25	0	1	825	190420	189596	0.0	1386
b0168_map::U00096.2:188711-189506(-)	CP000247.1	98.994	795	8	0	1	795	193979	193185	0.0	1424
b0169_rpsB::U00096.2:189873-190599(+)	CP000247.1	99.725	726	2	0	1	726	194347	195072	0.0	1330
b0170_tsf::U00096.2:190856-191708(+)	CP000247.1	99.648	852	3	0	1	852	195207	196058	0.0	1557
b0171_pyrH::U00096.2:191854-192580(+)	CP000247.1	99.449	726	4	0	1	726	196205	196930	0.0	1319
b0172_frr::U00096.2:192871-193429(+)	CP000247.1	99.283	558	4	0	1	558	197080	197637	0.0	1009
b0173_dxr::U00096.2:193520-194717(+)	CP000247.1	99.332	1197	8	0	1	1197	197729	198925	0.0	2167
b0174_ispU::U00096.2:194902-195664(+)	CP000247.1	99.606	762	3	0	1	762	199111	199872	0.0	1391
b0175_cdsA::U00096.2:195676-196534(+)	CP000247.1	98.601	858	12	0	1	858	199885	200742	0.0	1519
b0176_rseP::U00096.2:196545-197898(+)	CP000247.1	99.483	1353	7	0	1	1353	200754	202106	0.0	2460
b0177_bamA::U00096.2:197927-200360(+)	CP000247.1	98.561	2433	35	0	1	2433	202136	204568	0.0	4300
b0179_lpxD::U00096.2:200970-201996(+)	CP000247.1	98.928	1026	11	0	1	1026	205179	206204	0.0	1834
b0180_fabZ::U00096.2:202100-202556(+)	CP000247.1	99.342	456	3	0	1	456	206309	206764	0.0	826
b0181_lpxA::U00096.2:202559-203348(+)	CP000247.1	99.113	789	7	0	1	789	206768	207556	0.0	1419
b0182_lpxB::U00096.2:203347-204496(+)	CP000247.1	97.041	1149	34	0	1	1149	207556	208704	0.0	1934
b0184_dnaE::U00096.2:205125-208608(+)	CP000247.1	98.134	3483	65	0	1	3483	209334	212816	0.0	6072
b0185_accA::U00096.2:208620-209580(+)	CP000247.1	98.229	960	17	0	1	960	212829	213788	0.0	1679
b0188_tilS::U00096.2:212330-213629(+)	CP000247.1	94.068	1298	73	4	1	1296	216538	217833	0.0	1967
b0194_proS::U00096.2:217056-218775(-)	CP000247.1	97.208	1719	48	0	1	1719	222936	221218	0.0	2909
b0369_hemB::U00096.2:387976-388951(-)	CP000247.1	98.051	975	19	0	1	975	458378	457404	0.0	1696
b0408_secD::U00096.2:426870-428718(+)	CP000247.1	98.377	1848	30	0	1	1848	495137	496984	0.0	3247
b0409_secF::U00096.2:428728-429700(+)	CP000247.1	98.971	972	10	0	1	972	496995	497966	0.0	1740
b0414_ribD::U00096.2:432678-433782(+)	CP000247.1	95.380	1104	51	0	1	1104	500807	501910	0.0	1757
b0415_ribE::U00096.2:433870-434341(+)	CP000247.1	99.575	471	2	0	1	471	501999	502469	0.0	859
b0416_nusB::U00096.2:434360-434780(+)	CP000247.1	98.804	418	5	0	1	418	502489	502906	0.0	745
b0417_thiL::U00096.2:434857-435835(+)	CP000247.1	98.773	978	12	0	1	978	502986	503963	0.0	1740
b0420_dxs::U00096.2:437538-439401(-)	CP000247.1	96.940	1863	57	0	1	1863	507404	505542	0.0	3125
b0421_ispA::U00096.2:439425-440325(-)	CP000247.1	98.222	900	16	0	1	900	508328	507429	0.0	1574
b0470_dnaX::U00096.2:491315-493247(+)	CP000247.1	98.085	1932	37	0	1	1932	559333	561264	0.0	3363
b0474_adk::U00096.2:496398-497043(+)	CP000247.1	97.674	645	15	0	1	645	564416	565060	0.0	1109
b0475_hemH::U00096.2:497278-498241(+)	CP000247.1	96.885	963	30	0	1	963	565192	566154	0.0	1613
b0524_lpxH::U00096.2:552440-553163(-)	CP000247.1	96.806	720	22	1	1	720	616902	616184	0.0	1201
b0526_cysS::U00096.2:553833-555219(+)	CP000247.1	96.537	1386	48	0	1	1386	617573	618958	0.0	2294
b0529_folD::U00096.2:556097-556964(-)	CP000247.1	97.232	867	24	0	1	867	620703	619837	0.0	1469
b0634_mrdB::U00096.2:664423-665536(-)	CP000247.1	98.203	1113	20	0	1	1113	700174	699062	0.0	1945
b0635_mrdA::U00096.2:665538-667440(-)	CP000247.1	98.265	1902	33	0	1	1902	702078	700177	0.0	3330
b0639_nadD::U00096.2:669153-669795(-)	CP000247.1	98.131	642	12	0	1	642	704433	703792	0.0	1120
b0640_holA::U00096.2:669796-670828(-)	CP000247.1	97.771	1032	23	0	1	1032	705466	704435	0.0	1779
b0641_lptE::U00096.2:670827-671409(-)	CP000247.1	99.141	582	5	0	1	582	706047	705466	0.0	1048
b0642_leuS::U00096.2:671423-674006(-)	CP000247.1	98.180	2583	47	0	1	2583	708644	706062	0.0	4510
b0657_lnt::U00096.2:688565-690104(-)	CP000247.1	97.047	1524	45	0	1	1524	717672	716149	0.0	2566
b0680_glnS::U00096.2:705315-706980(+)	CP000247.1	97.417	1665	43	0	1	1665	741439	743103	0.0	2837
b0684_fldA::U00096.2:710157-710688(-)	CP000247.1	96.045	531	21	0	1	531	746675	746145	0.0	865
b0733_cydA::U00096.2:770680-772249(+)	CP000247.1	98.470	1569	24	0	1	1569	786831	788399	0.0	2765
b0884_infA::U00096.2:925447-925666(-)	CP000247.1	100.000	219	0	0	1	219	940235	940017	8.16e-114	405
b0886_cydC::U00096.2:926696-928418(-)	CP000247.1	97.445	1722	44	0	1	1722	942987	941266	0.0	2937
b0890_ftsK::U00096.2:932446-936436(+)	CP000247.1	96.770	1734	47	4	2257	3990	949271	950995	0.0	2883
b0891_lolA::U00096.2:936594-937206(+)	CP000247.1	99.020	612	6	0	1	612	951154	951765	0.0	1098
b0893_serS::U00096.2:938650-939943(+)	CP000247.1	97.757	1293	29	0	1	1293	953210	954502	0.0	2228
b0911_rpsA::U00096.2:961217-962891(+)	CP000247.1	99.761	1674	4	0	1	1674	972555	974228	0.0	3070
b0914_msbA::U00096.2:965843-967592(+)	CP000247.1	97.999	1749	35	0	1	1749	977179	978927	0.0	3037
b0915_lpxK::U00096.2:967588-968575(+)	CP000247.1	97.670	987	23	0	1	987	978924	979910	0.0	1696
b0918_kdsB::U00096.2:970074-970821(+)	CP000247.1	96.653	747	25	0	1	747	981410	982156	0.0	1242
b0922_mukF::U00096.2:973541-974864(+)	CP000247.1	97.884	1323	28	0	1	1323	984877	986199	0.0	2289
b0923_mukE::U00096.2:974844-975549(+)	CP000247.1	97.730	705	16	0	1	705	986180	986884	0.0	1214
b0924_mukB::U00096.2:975548-980009(+)	CP000247.1	97.557	4461	109	0	1	4461	986884	991344	0.0	7635
b0930_asnS::U00096.2:986807-988208(-)	CP000247.1	98.858	1401	16	0	1	1401	999373	997973	0.0	2499
b0954_fabA::U00096.2:1015174-1015693(-)	CP000247.1	98.459	519	8	0	1	519	1019844	1019326	0.0	915
b1069_murJ::U00096.2:1127061-1128597(+)	CP000247.1	97.721	1536	35	0	1	1536	1118722	1120257	0.0	2643
b1084_rne::U00096.2:1140404-1143590(-)	CP000247.1	97.646	3186	75	0	1	3186	1135246	1132061	0.0	5469
b1085_yceQ::U00096.2:1143724-1144045(+)	CP000247.1	99.688	321	1	0	1	321	1135381	1135701	1.14e-168	588
b1092_fabD::U00096.2:1148950-1149880(+)	CP000247.1	99.140	930	8	0	1	930	1140607	1141536	0.0	1674
b1093_fabG::U00096.2:1149892-1150627(+)	CP000247.1	100.000	735	0	0	1	735	1141549	1142283	0.0	1358
b1094_acpP::U00096.2:1150837-1151074(+)	CP000247.1	100.000	237	0	0	1	237	1142494	1142730	8.78e-124	438
b1098_tmk::U00096.2:1154346-1154988(+)	CP000247.1	96.106	642	25	0	1	642	1146002	1146643	0.0	1048
b1099_holB::U00096.2:1154984-1155989(+)	CP000247.1	98.209	1005	18	0	1	1005	1146640	1147644	0.0	1757
b1116_lolC::U00096.2:1174649-1175849(+)	CP000247.1	97.000	1200	36	0	1	1200	1166325	1167524	0.0	2017
b1117_lolD::U00096.2:1175841-1176543(+)	CP000247.1	96.296	702	26	0	1	702	1167517	1168218	0.0	1153
b1118_lolE::U00096.2:1176542-1177787(+)	CP000247.1	97.111	1246	35	1	1	1245	1168218	1169463	0.0	2100
b1131_purB::U00096.2:1189838-1191209(-)	CP000247.1	98.031	1371	27	0	1	1371	1182882	1181512	0.0	2383
b1145_cohE::U00096.2:1201481-1202156(-)	CP000247.1	90.909	22	2	0	84	105	1241461	1241440	1.9	30.7
b1204_pth::U00096.2:1257151-1257736(-)	CP000247.1	98.803	585	7	0	1	585	1281551	1280967	0.0	1042
b1207_prs::U00096.2:1260150-1261098(-)	CP000247.1	99.684	948	3	0	1	948	1284913	1283966	0.0	1735
b1208_ispE::U00096.2:1261248-1262100(-)	CP000247.1	97.418	852	22	0	1	852	1285915	1285064	0.0	1452
b1209_lolB::U00096.2:1262099-1262723(-)	CP000247.1	96.955	624	19	0	1	624	1286538	1285915	0.0	1048
b1210_hemA::U00096.2:1262936-1264193(+)	CP000247.1	93.715	1257	79	0	1	1257	1286752	1288008	0.0	1884
b1211_prfA::U00096.2:1264234-1265317(+)	CP000247.1	98.061	1083	21	0	1	1083	1288050	1289132	0.0	1884
b1212_prmC::U00096.2:1265316-1266150(+)	CP000247.1	98.201	834	15	0	1	834	1289132	1289965	0.0	1458
b1215_kdsA::U00096.2:1267387-1268242(+)	CP000247.1	98.246	855	15	0	1	855	1291203	1292057	0.0	1496
b1274_topA::U00096.2:1329071-1331669(+)	CP000247.1	98.345	2598	43	0	1	2598	1354156	1356753	0.0	4560
b1277_ribA::U00096.2:1336593-1337184(-)	CP000247.1	99.323	591	4	0	1	591	1362254	1361664	0.0	1070
b1288_fabI::U00096.2:1348274-1349063(-)	CP000247.1	98.986	789	8	0	1	789	1374130	1373342	0.0	1413
b1356_racR::U00096.2:1417788-1418265(-)	CP000247.1	88.462	26	3	0	269	294	162331	162356	0.37	32.5
b1570_dicA::U00096.2:1645957-1646365(+)	CP000247.1	94.737	19	1	0	292	310	4518939	4518957	1.1	30.7
b1637_tyrS::U00096.2:1713971-1715246(-)	CP000247.1	98.275	1275	22	0	1	1275	1636584	1635310	0.0	2233
b1662_ribC::U00096.2:1740624-1741266(-)	CP000247.1	97.975	642	13	0	1	642	1658200	1657559	0.0	1114
b1713_pheT::U00096.2:1793580-1795968(-)	CP000247.1	97.781	2388	53	0	1	2388	1712730	1710343	0.0	4117
b1714_pheS::U00096.2:1795982-1796966(-)	CP000247.1	98.577	984	14	0	1	984	1713728	1712745	0.0	1740
b1716_rplT::U00096.2:1797416-1797773(-)	CP000247.1	99.440	357	2	0	1	357	1714535	1714179	0.0	649
b1718_infC::U00096.2:1798119-1798662(-)	CP000247.1	100.000	543	0	0	1	543	1715424	1714882	0.0	1003
b1719_thrS::U00096.2:1798665-1800594(-)	CP000247.1	99.222	1929	15	0	1	1929	1717356	1715428	0.0	3480
b1740_nadE::U00096.2:1820481-1821309(+)	CP000247.1	98.188	828	15	0	1	828	1735124	1735951	0.0	1447
b1779_gapA::U00096.2:1860794-1861790(+)	CP000247.1	99.699	996	3	0	1	996	1780180	1781175	0.0	1823
b1807_tsaB::U00096.2:1888595-1889291(-)	CP000247.1	96.695	696	23	0	1	696	1803117	1802422	0.0	1158
b1866_aspS::U00096.2:1946773-1948546(-)	CP000247.1	98.195	1773	32	0	1	1773	1862250	1860478	0.0	3097
b1876_argS::U00096.2:1958085-1959819(+)	CP000247.1	97.636	1734	41	0	1	1734	1871790	1873523	0.0	2976
b1912_pgsA::U00096.2:1990292-1990841(-)	CP000247.1	98.361	549	9	0	1	549	1901669	1901121	0.0	965
b2114_metG::U00096.2:2192321-2194355(+)	CP000247.1	96.509	2034	71	0	1	2034	2234798	2236831	0.0	3363
b2153_folE::U00096.2:2241005-2241674(-)	CP000247.1	99.103	669	6	0	1	669	2284520	2283852	0.0	1203
b2188_yejM::U00096.2:2282397-2284158(+)	CP000247.1	98.353	1761	29	0	1	1761	2325223	2326983	0.0	3092
b2231_gyrA::U00096.2:2334814-2337442(-)	CP000247.1	97.793	2628	58	0	1	2628	2376469	2373842	0.0	4532
b2234_nrdA::U00096.2:2342886-2345172(+)	CP000247.1	97.682	2286	53	0	1	2286	2381918	2384203	0.0	3928
b2235_nrdB::U00096.2:2345405-2346536(+)	CP000247.1	95.844	1131	47	0	1	1131	2384393	2385523	0.0	1829
b2315_folC::U00096.2:2429695-2430964(-)	CP000247.1	98.897	1269	14	0	1	1269	2464775	2463507	0.0	2266
b2316_accD::U00096.2:2431033-2431948(-)	CP000247.1	98.470	915	14	0	1	915	2465759	2464845	0.0	1613
b2323_fabB::U00096.2:2438406-2439627(-)	CP000247.1	98.034	1221	24	0	1	1221	2473438	2472218	0.0	2122
b2400_gltX::U00096.2:2517278-2518694(-)	CP000247.1	97.881	1416	30	0	1	1416	2542750	2541335	0.0	2449
b2411_ligA::U00096.2:2526182-2528198(-)	CP000247.1	97.619	2016	48	0	1	2016	2552100	2550085	0.0	3458
b2412_zipA::U00096.2:2528268-2529255(-)	CP000247.1	97.397	999	14	5	1	987	2553169	2552171	0.0	1690
b2472_dapE::U00096.2:2589628-2590756(+)	CP000247.1	98.138	1128	21	0	1	1128	2603491	2604618	0.0	1967
b2478_dapA::U00096.2:2596903-2597782(-)	CP000247.1	99.090	879	8	0	1	879	2611615	2610737	0.0	1580
b2496_hda::U00096.2:2616096-2616798(-)	CP000247.1	98.575	702	10	0	1	702	2616858	2616157	0.0	1242
b2511_der::U00096.2:2633905-2635378(-)	CP000247.1	97.149	1473	42	0	1	1473	2647100	2645628	0.0	2488
b2514_hisS::U00096.2:2637322-2638597(-)	CP000247.1	98.039	1275	25	0	1	1275	2650319	2649045	0.0	2217
b2515_ispG::U00096.2:2638707-2639826(-)	CP000247.1	98.928	1119	12	0	1	1119	2651548	2650430	0.0	2001
b2533_suhB::U00096.2:2661463-2662267(+)	CP000247.1	99.129	804	7	0	1	804	2672555	2673358	0.0	1447
b2559_tadA::U00096.2:2695375-2695879(-)	CP000247.1	96.825	504	16	0	1	504	2703272	2702769	0.0	843
b2563_acpS::U00096.2:2698639-2699020(-)	CP000247.1	95.276	381	18	0	1	381	2706413	2706033	1.36e-173	604
b2566_era::U00096.2:2700502-2701408(-)	CP000247.1	96.578	906	31	0	1	906	2708801	2707896	0.0	1502
b2568_lepB::U00096.2:2702356-2703331(-)	CP000247.1	97.949	975	20	0	1	975	2710719	2709745	0.0	1690
b2573_rpoE::U00096.2:2707458-2708034(-)	CP000247.1	100.000	576	0	0	1	576	2715422	2714847	0.0	1064
b2585_pssA::U00096.2:2720748-2722104(+)	CP000247.1	99.558	1356	6	0	1	1356	2727961	2729316	0.0	2471
b2595_bamD::U00096.2:2734167-2734905(+)	CP000247.1	99.051	738	7	0	1	738	2744011	2744748	0.0	1325
b2606_rplS::U00096.2:2742204-2742552(-)	CP000247.1	100.000	348	0	0	1	348	2752394	2752047	0.0	643
b2607_trmD::U00096.2:2742593-2743361(-)	CP000247.1	99.870	768	1	0	1	768	2753203	2752436	0.0	1413
b2609_rpsP::U00096.2:2743958-2744207(-)	CP000247.1	100.000	249	0	0	1	249	2754049	2753801	1.98e-130	460
b2610_ffh::U00096.2:2744455-2745817(-)	CP000247.1	97.724	1362	31	0	1	1362	2755547	2754186	0.0	2344
b2614_grpE::U00096.2:2748136-2748730(-)	CP000247.1	98.316	594	10	0	1	594	2758460	2757867	0.0	1042
b2615_nadK::U00096.2:2748852-2749731(+)	CP000247.1	97.270	879	24	0	1	879	2758583	2759461	0.0	1491
b2696_csrA::U00096.2:2816982-2817168(-)	CP000247.1	100.000	186	0	0	1	186	2796027	2795842	1.50e-95	344
b2697_alaS::U00096.2:2817402-2820033(-)	CP000247.1	98.746	2631	33	0	1	2631	2798892	2796262	0.0	4676
b2746_ispF::U00096.2:2869322-2869802(-)	CP000247.1	97.292	480	13	0	1	480	2866681	2866202	0.0	815
b2747_ispD::U00096.2:2869801-2870512(-)	CP000247.1	95.218	711	34	0	1	711	2867391	2866681	0.0	1125
b2748_ftsB::U00096.2:2870530-2870842(-)	CP000247.1	98.397	312	5	0	1	312	2867721	2867410	5.23e-157	549
b2779_eno::U00096.2:2904664-2905963(-)	CP000247.1	99.461	1299	7	0	1	1299	2901349	2900051	0.0	2361
b2780_pyrG::U00096.2:2906050-2907688(-)	CP000247.1	98.596	1638	23	0	1	1638	2903074	2901437	0.0	2898
b2828_lgt::U00096.2:2963183-2964059(-)	CP000247.1	98.630	876	12	0	1	876	2996692	2995817	0.0	1552
b2891_prfB::U00096.2:3033205-3034304(-)	CP000247.1	98.362	1099	18	0	1	1099	3055165	3054067	0.0	1930
b2925_fbaA::U00096.2:3068186-3069266(-)	CP000247.1	97.687	1081	24	1	1	1080	3084611	3083531	0.0	1857
b2926_pgk::U00096.2:3069480-3070644(-)	CP000247.1	99.485	1164	6	0	1	1164	3085989	3084826	0.0	2117
b2942_metK::U00096.2:3084727-3085882(+)	CP000247.1	98.442	1155	18	0	1	1155	3104511	3105665	0.0	2034
b2949_yqgF::U00096.2:3091521-3091938(+)	CP000247.1	97.122	417	12	0	1	417	3111318	3111734	0.0	704
b3018_plsC::U00096.2:3160765-3161503(-)	CP000247.1	97.832	738	16	0	1	738	3272803	3272066	0.0	1275
b3019_parC::U00096.2:3161736-3163995(-)	CP000247.1	98.274	2259	39	0	1	2259	3275295	3273037	0.0	3956
b3030_parE::U00096.2:3171525-3173418(-)	CP000247.1	96.083	1889	74	0	1	1889	3290462	3288574	0.0	3079
b3041_ribB::U00096.2:3181834-3182488(-)	CP000247.1	98.165	654	12	0	1	654	3303193	3302540	0.0	1142
b3056_cca::U00096.2:3199912-3201151(+)	CP000247.1	97.976	1235	25	0	1	1235	3313676	3314910	0.0	2143
b3058_folB::U00096.2:3202242-3202611(-)	CP000247.1	99.729	369	1	0	1	369	3316275	3315907	0.0	676
b3064_tsaD::U00096.2:3207551-3208565(-)	CP000247.1	96.943	1014	31	0	1	1014	3322229	3321216	0.0	1701
b3066_dnaG::U00096.2:3209128-3210874(+)	CP000247.1	98.797	1746	21	0	1	1746	3322793	3324538	0.0	3109
b3067_rpoD::U00096.2:3211068-3212910(+)	CP000247.1	99.349	1842	12	0	1	1842	3324733	3326574	0.0	3336
b3168_infB::U00096.2:3311363-3314036(-)	CP000247.1	98.429	2673	42	0	1	2673	3426464	3423792	0.0	4704
b3169_nusA::U00096.2:3314060-3315548(-)	CP000247.1	98.522	1488	22	0	1	1488	3427976	3426489	0.0	2627
b3176_glmM::U00096.2:3320754-3322092(-)	CP000247.1	97.235	1338	37	0	1	1338	3434517	3433180	0.0	2266
b3178_ftsH::U00096.2:3323022-3324957(-)	CP000247.1	98.760	1935	24	0	1	1935	3437382	3435448	0.0	3441
b3183_obgE::U00096.2:3328603-3329776(-)	CP000247.1	97.698	1173	27	0	1	1173	3442056	3440884	0.0	2017
b3185_rpmA::U00096.2:3330883-3331141(-)	CP000247.1	98.062	258	5	0	1	258	3443422	3443165	4.45e-127	449
b3186_rplU::U00096.2:3331161-3331473(-)	CP000247.1	100.000	312	0	0	1	312	3443754	3443443	2.40e-165	577
b3187_ispB::U00096.2:3331731-3332703(+)	CP000247.1	98.765	972	12	0	1	972	3444013	3444984	0.0	1729
b3189_murA::U00096.2:3333256-3334516(-)	CP000247.1	98.810	1260	15	0	1	1260	3446802	3445543	0.0	2244
b3199_lptC::U00096.2:3340857-3341433(+)	CP000247.1	99.132	576	5	0	1	576	3453143	3453718	0.0	1037
b3200_lptA::U00096.2:3341401-3341959(+)	CP000247.1	99.462	558	3	0	1	558	3453687	3454244	0.0	1014
b3201_lptB::U00096.2:3341965-3342691(+)	CP000247.1	99.311	726	5	0	1	726	3454251	3454976	0.0	1314
b3230_rpsI::U00096.2:3375836-3376229(-)	CP000247.1	99.746	393	1	0	1	393	3479806	3479414	0.0	721
b3231_rplM::U00096.2:3376244-3376673(-)	CP000247.1	100.000	429	0	0	1	429	3480250	3479822	0.0	793
b3235_degS::U00096.2:3380221-3381289(+)	CP000247.1	93.633	1068	68	0	1	1068	3483800	3484867	0.0	1596
b3249_mreD::U00096.2:3396408-3396897(-)	CP000247.1	99.387	489	3	0	1	489	3500193	3499705	0.0	887
b3250_mreC::U00096.2:3396896-3398000(-)	CP000247.1	98.641	1104	15	0	1	1104	3501296	3500193	0.0	1956
b3251_mreB::U00096.2:3398065-3399109(-)	CP000247.1	98.946	1044	11	0	1	1044	3502405	3501362	0.0	1868
b3255_accB::U00096.2:3403457-3403928(+)	CP000247.1	100.000	471	0	0	1	471	3506754	3507224	0.0	870
b3256_accC::U00096.2:3403938-3405288(+)	CP000247.1	98.593	1350	19	0	1	1350	3507235	3508584	0.0	2388
b3282_tsaC::U00096.2:3428864-3429437(-)	CP000247.1	98.080	573	11	0	1	573	3541056	3540484	0.0	998
b3287_def::U00096.2:3431711-3432221(+)	CP000247.1	99.020	510	5	0	1	510	3543331	3543840	0.0	915
b3288_fmt::U00096.2:3432235-3433183(+)	CP000247.1	96.414	948	34	0	1	948	3543855	3544802	0.0	1563
b3294_rplQ::U00096.2:3437637-3438021(-)	CP000247.1	99.740	384	1	0	1	384	3549649	3549266	0.0	704
b3295_rpoA::U00096.2:3438061-3439051(-)	CP000247.1	100.000	990	0	0	1	990	3550679	3549690	0.0	1829
b3296_rpsD::U00096.2:3439076-3439697(-)	CP000247.1	100.000	621	0	0	1	621	3551325	3550705	0.0	1147
b3297_rpsK::U00096.2:3439730-3440120(-)	CP000247.1	99.744	390	1	0	1	390	3551748	3551359	0.0	715
b3298_rpsM::U00096.2:3440136-3440493(-)	CP000247.1	100.000	357	0	0	1	357	3552121	3551765	0.0	660
b3300_secY::U00096.2:3440787-3442119(-)	CP000247.1	99.550	1332	6	0	1	1332	3553747	3552416	0.0	2427
b3301_rplO::U00096.2:3442126-3442561(-)	CP000247.1	99.310	435	3	0	1	435	3554189	3553755	0.0	787
b3302_rpmD::U00096.2:3442564-3442744(-)	CP000247.1	100.000	180	0	0	1	180	3554372	3554193	3.14e-92	333
b3303_rpsE::U00096.2:3442747-3443251(-)	CP000247.1	99.008	504	5	0	1	504	3554879	3554376	0.0	904
b3304_rplR::U00096.2:3443265-3443619(-)	CP000247.1	100.000	354	0	0	1	354	3555247	3554894	0.0	654
b3305_rplF::U00096.2:3443628-3444162(-)	CP000247.1	100.000	534	0	0	1	534	3555790	3555257	0.0	987
b3306_rpsH::U00096.2:3444174-3444567(-)	CP000247.1	100.000	393	0	0	1	393	3556195	3555803	0.0	726
b3307_rpsN::U00096.2:3444600-3444906(-)	CP000247.1	100.000	306	0	0	1	306	3556534	3556229	5.09e-162	566
b3308_rplE::U00096.2:3444920-3445460(-)	CP000247.1	100.000	540	0	0	1	540	3557088	3556549	0.0	998
b3309_rplX::U00096.2:3445474-3445789(-)	CP000247.1	99.683	315	1	0	1	315	3557417	3557103	2.43e-165	577
b3310_rplN::U00096.2:3445799-3446171(-)	CP000247.1	99.462	372	2	0	1	372	3557799	3557428	0.0	676
b3311_rpsQ::U00096.2:3446335-3446590(-)	CP000247.1	100.000	255	0	0	1	255	3558218	3557964	9.37e-134	472
b3312_rpmC::U00096.2:3446589-3446781(-)	CP000247.1	100.000	192	0	0	1	192	3558409	3558218	7.20e-99	355
b3313_rplP::U00096.2:3446780-3447191(-)	CP000247.1	99.757	411	1	0	1	411	3558819	3558409	0.0	754
b3314_rpsC::U00096.2:3447203-3447905(-)	CP000247.1	100.000	702	0	0	1	702	3559533	3558832	0.0	1297
b3315_rplV::U00096.2:3447922-3448255(-)	CP000247.1	100.000	333	0	0	1	333	3559883	3559551	5.46e-177	616
b3316_rpsS::U00096.2:3448269-3448548(-)	CP000247.1	99.642	279	1	0	1	279	3560176	3559898	2.19e-145	510
b3317_rplB::U00096.2:3448564-3449386(-)	CP000247.1	100.000	822	0	0	1	822	3561014	3560193	0.0	1519
b3318_rplW::U00096.2:3449403-3449706(-)	CP000247.1	100.000	303	0	0	1	303	3561334	3561032	2.34e-160	560
b3319_rplD::U00096.2:3449702-3450308(-)	CP000247.1	99.835	606	1	0	1	606	3561936	3561331	0.0	1114
b3320_rplC::U00096.2:3450318-3450948(-)	CP000247.1	99.841	630	1	0	1	630	3562576	3561947	0.0	1158
b3321_rpsJ::U00096.2:3450980-3451292(-)	CP000247.1	99.679	312	1	0	1	312	3562920	3562609	1.12e-163	571
b3340_fusA::U00096.2:3469421-3471536(-)	CP000247.1	99.574	2115	9	0	1	2115	3585150	3583036	0.0	3856
b3341_rpsG::U00096.2:3471563-3472103(-)	CP000247.1	99.815	540	1	0	1	540	3585717	3585178	0.0	992
b3342_rpsL::U00096.2:3472199-3472574(-)	CP000247.1	99.467	375	2	0	1	375	3586188	3585814	0.0	682
b3384_trpS::U00096.2:3510655-3511660(-)	CP000247.1	98.010	1005	20	0	1	1005	3619960	3618956	0.0	1746
b3398_yrfF::U00096.2:3524490-3526626(+)	CP000247.1	97.800	2136	47	0	1	2136	3632794	3634929	0.0	3685
b3433_asd::U00096.2:3571797-3572901(-)	CP000247.1	98.913	1104	12	0	1	1104	3690777	3689674	0.0	1973
b3461_rpoH::U00096.2:3597951-3598806(-)	CP000247.1	97.895	855	18	0	1	855	3719189	3718335	0.0	1480
b3462_ftsX::U00096.2:3599050-3600109(-)	CP000247.1	96.978	1059	32	0	1	1059	3720492	3719434	0.0	1779
b3463_ftsE::U00096.2:3600101-3600770(-)	CP000247.1	98.954	669	7	0	1	669	3721153	3720485	0.0	1197
b3464_ftsY::U00096.2:3600772-3602266(-)	CP000247.1	97.462	1497	35	2	1	1494	3722652	3721156	0.0	2551
b3559_glyS::U00096.2:3720350-3722420(-)	CP000247.1	96.329	2070	76	0	1	2070	3837221	3835152	0.0	3402
b3560_glyQ::U00096.2:3722429-3723341(-)	CP000247.1	99.013	912	9	0	1	912	3838142	3837231	0.0	1635
b3608_gpsA::U00096.2:3780664-3781684(-)	CP000247.1	97.745	1020	23	0	1	1020	3891318	3890299	0.0	1757
b3633_waaA::U00096.2:3806562-3807840(+)	CP000247.1	98.748	1278	16	0	1	1278	3913010	3914287	0.0	2272
b3634_coaD::U00096.2:3807847-3808327(+)	CP000247.1	98.333	480	8	0	1	480	3914295	3914774	0.0	843
b3637_rpmB::U00096.2:3809460-3809697(-)	CP000247.1	99.578	237	1	0	1	237	3916144	3915908	4.08e-122	433
b3639_dfp::U00096.2:3810753-3811974(+)	CP000247.1	98.198	1221	22	0	1	1221	3917201	3918421	0.0	2134
b3640_dut::U00096.2:3811954-3812410(+)	CP000247.1	99.781	456	1	0	1	456	3918402	3918857	0.0	837
b3648_gmk::U00096.2:3819450-3820074(+)	CP000247.1	99.679	624	2	0	1	624	3925901	3926524	0.0	1142
b3650_spoT::U00096.2:3820422-3822531(+)	CP000247.1	97.771	2109	47	0	1	2109	3926873	3928981	0.0	3635
b3699_gyrB::U00096.2:3875727-3878142(-)	CP000247.1	98.261	2415	42	0	1	2415	4064616	4062202	0.0	4228
b3701_dnaN::U00096.2:3879243-3880344(-)	CP000247.1	97.548	1101	27	0	1	1101	4066818	4065718	0.0	1884
b3702_dnaA::U00096.2:3880348-3881752(-)	CP000247.1	98.575	1404	20	0	1	1404	4068226	4066823	0.0	2483
b3703_rpmH::U00096.2:3882358-3882499(+)	CP000247.1	100.000	141	0	0	1	141	4068833	4068973	1.14e-70	261
b3704_rnpA::U00096.2:3882515-3882875(+)	CP000247.1	100.000	360	0	0	1	360	4068990	4069349	0.0	665
b3705_yidC::U00096.2:3883098-3884745(+)	CP000247.1	99.089	1647	15	0	1	1647	4069573	4071219	0.0	2959
b3729_glmS::U00096.2:3909861-3911691(-)	CP000247.1	97.268	1830	50	0	1	1830	4097460	4095631	0.0	3103
b3730_glmU::U00096.2:3911852-3913223(-)	CP000247.1	97.663	1369	32	0	1	1369	4098991	4097623	0.0	2351
b3783_rho::U00096.2:3964439-3965699(+)	CP000247.1	99.286	1260	9	0	1	1260	4149334	4150593	0.0	2278
b3793_wzyE::U00096.2:3976623-3977976(+)	CP000247.1	97.783	1353	30	0	1	1353	4161519	4162871	0.0	2333
b3804_hemD::U00096.2:3987110-3987851(-)	CP000247.1	98.381	741	12	0	1	741	4172696	4171956	0.0	1303
b3805_hemC::U00096.2:3987847-3988789(-)	CP000247.1	97.134	942	27	0	1	942	4173634	4172693	0.0	1591
b3835_ubiB::U00096.2:4018248-4019889(+)	CP000247.1	98.720	1641	21	0	1	1641	4226183	4227823	0.0	2915
b3843_ubiD::U00096.2:4023010-4024504(+)	CP000247.1	97.729	1497	31	2	1	1494	4230945	4232441	0.0	2573
b3850_hemG::U00096.2:4032630-4033176(+)	CP000247.1	97.619	546	13	0	1	546	4240469	4241014	0.0	937
b3865_yihA::U00096.2:4048155-4048788(-)	CP000247.1	98.580	634	8	1	1	633	4256460	4255827	0.0	1120
b3933_ftsN::U00096.2:4120402-4121362(-)	CP000247.1	98.125	960	18	0	1	960	4322743	4321784	0.0	1674
b3967_murI::U00096.2:4163450-4164308(+)	CP000247.1	98.359	853	14	0	1	853	4377542	4378394	0.0	1498
b3972_murB::U00096.2:4170079-4171108(+)	CP000247.1	96.210	1029	39	0	1	1029	4384015	4385043	0.0	1685
b3973_birA::U00096.2:4171104-4172070(+)	CP000247.1	95.135	966	47	0	1	966	4385040	4386005	0.0	1524
b3974_coaA::U00096.2:4172098-4173049(-)	CP000247.1	98.738	951	12	0	1	951	4386984	4386034	0.0	1690
b3981_secE::U00096.2:4175380-4175764(+)	CP000247.1	99.479	384	2	0	1	384	4389316	4389699	0.0	699
b3982_nusG::U00096.2:4175765-4176311(+)	CP000247.1	98.901	546	6	0	1	546	4389701	4390246	0.0	976
b3985_rplJ::U00096.2:4178018-4178516(+)	CP000247.1	99.799	498	1	0	1	498	4391833	4392330	0.0	915
b3986_rplL::U00096.2:4178582-4178948(+)	CP000247.1	99.727	366	1	0	1	366	4392397	4392762	0.0	671
b3987_rpoB::U00096.2:4179267-4183296(+)	CP000247.1	98.734	4029	51	0	1	4029	4393082	4397110	0.0	7158
b3988_rpoC::U00096.2:4183372-4187596(+)	CP000247.1	99.053	4224	40	0	1	4224	4397187	4401410	0.0	7579
b4040_ubiA::U00096.2:4251038-4251911(+)	CP000247.1	98.282	873	15	0	1	873	4464844	4465716	0.0	1530
b4041_plsB::U00096.2:4252065-4254489(-)	CP000247.1	98.061	2424	46	1	1	2424	4468293	4465871	0.0	4215
b4043_lexA::U00096.2:4255137-4255746(+)	CP000247.1	98.686	609	8	0	1	609	4468942	4469550	0.0	1081
b4052_dnaB::U00096.2:4262336-4263752(+)	CP000247.1	97.740	1416	32	0	1	1416	4474588	4476003	0.0	2438
b4059_ssb::U00096.2:4272147-4272684(+)	CP000247.1	98.324	537	9	0	1	537	4499224	4499760	0.0	942
b4142_groS::U00096.2:4368710-4369004(+)	CP000247.1	100.000	294	0	0	1	294	4601160	4601453	2.28e-155	544
b4143_groL::U00096.2:4369047-4370694(+)	CP000247.1	98.118	1647	31	0	1	1647	4601497	4603143	0.0	2870
b4160_psd::U00096.2:4387414-4388383(-)	CP000247.1	97.833	969	21	0	1	969	4619978	4619010	0.0	1674
b4161_rsgA::U00096.2:4388479-4389532(-)	CP000247.1	97.626	1053	25	0	1	1053	4621127	4620075	0.0	1807
b4162_orn::U00096.2:4389626-4390172(+)	CP000247.1	97.619	546	13	0	1	546	4621222	4621767	0.0	937
b4168_tsaE::U00096.2:4393607-4394069(+)	CP000247.1	99.134	462	4	0	1	462	4625202	4625663	0.0	832
b4202_rpsR::U00096.2:4423861-4424089(+)	CP000247.1	100.000	228	0	0	1	228	4655368	4655595	8.47e-119	422
b4226_ppa::U00096.2:4447144-4447675(-)	CP000247.1	97.363	531	14	0	1	531	4686503	4685973	0.0	904
b4258_valS::U00096.2:4479004-4481860(-)	CP000247.1	97.094	2856	83	0	1	2856	4722474	4719619	0.0	4815
b4261_lptF::U00096.2:4484240-4485341(+)	CP000247.1	99.273	1101	8	0	1	1101	4724953	4726053	0.0	1989
b4262_lptG::U00096.2:4485340-4486423(+)	CP000247.1	98.984	1083	11	0	1	1083	4726053	4727135	0.0	1940
b4361_dnaC::U00096.2:4598260-4598998(-)	CP000247.1	98.645	738	10	0	1	738	4899209	4898472	0.0	1308
b4362_dnaT::U00096.2:4599000-4599540(-)	CP000247.1	97.037	540	16	0	1	540	4899751	4899212	0.0	909
