	10 µM 	10 µM 	10 µM 	10 µM 	10 µM 	5 µM 	5 µM 	5 µM 	5 µM 	5 µM 	2.5 µM	2.5 µM	2.5 µM	2.5 µM	2.5 µM	1.25 µM	1.25 µM	1.25 µM	1.25 µM	1.25 µM	0.6 µM	0.6 µM	0.6 µM	0.6 µM	0.6 µM	0.3 µM	0.3 µM	0.3 µM	0.3 µM	0.3 µM
	plate 1	plate 2	Titration_1	Titration_2	Titration_3	plate 1	plate 2	Titration_1	Titration_2	Titration_3	plate 1	plate 2	Titration_1	Titration_2	Titration_3	plate 1	plate 2	Titration_1	Titration_2	Titration_3	plate 1	plate 2	Titration_1	Titration_2	Titration_3	plate 1	plate 2	Titration_1	Titration_2	Titration_3
JVpna-229	0.012	0.012				0.007	0.003				0.513	0.564				0.849	0.823				0.9	0.917				1.053	1.055			
JVpna-230	0.012	0.011				0.011	0.01				0.004	0.004				0.652	0.569				0.86	0.843				0.984	0.979			
JVpna-231	0.081	0.068				0.034	0.021				0.531	0.573				0.804	0.716				0.935	0.89				0.987	0.953			
JVpna-232	0.024	0.018				0.564	0.477				0.865	0.781				0.986	0.902				0.904	0.951				1.011	0.962			
JVpna-233	0.018	0.016				0.011	0.016				0.544	0.205				0.648	0.642				0.885	0.932				0.971	0.943			
JVpna-234	0.058	0.085				0.035	0.041				0.704	0.65				0.907	0.826				0.927	0.942				0.978	0.916			
JVpna-235	0.007	0.005				0.006	0.007				0.006	0.005				0.426	0.486				0.779	0.955				0.969	0.996			
JVpna-236	0.009	0.008				0.006	0.008				0.583	0.448				0.917	0.831				0.98	1.039				1.05	1.062			
JVpna-237	0.008	0.009				0.003	0.002				0.005	0.001				0.001	0				1.012	0.721				1.064	1.048			
JVpna-238	0.007	0.006				0.548	0.002				0.505	0.638				0.866	0.823				0.92	0.912				0.999	0.985			
JVpna-239	0.009	0.007				0.01	0.008				0.084	0.006				0.69	0.483				0.798	0.822				1.005	0.982			
JVpna-240	0.033	0.034				0.592	0.693				0.997	0.945				0.962	0.911				0.979	0.925				1.031	0.929			
JVpna-241	0.016	0.017				0.002	0				0.679	0.667				0.893	0.846				0.981	0.896				1.053	0.981			
JVpna-242	0.051	0.054				0.781	0.754				0.973	0.941				0.967	0.951				0.98	0.968				1.01	0.933			
JVpna-243	0.011	0.006				0.006	0.006				0.755	0.681				0.883	0.89				0.972	0.955				1.026	0.957			
JVpna-244	0.493	0.437																												
JVpna-245	0.027	0.042				0.789	0.814				0.89	0.901				0.946	0.952				0.992	1.02				1.06	1.066			
JVpna-246	0.006	0.004				0.773	0.877				0.993	0.985				1.033	1.046				1.017	1.076				1.012	1.016			
JVpna-247	0.012	0.009				0.004	0.005				0.748	0.783				0.826	0.85				0.833	0.904				0.939	0.964			
JVpna-248	0.01	0.01				0.016	0.015				0.45	0.238				0.531	0.671				0.741	0.785				0.913	0.947			
JVpna-249	0.066	0.034				0.16	0.331				0.667	0.554				0.765	0.813				0.924	0.975				0.949	0.959			
JVpna-250	0.007	0.003				0.367	0.005				0.544	0.596				0.733	0.722				0.95	0.929				0.961	0.988			
JVpna-251	0.01	0.011				0.01	0.009				0.584	0.59				0.746	0.713				0.918	0.935				0.955	0.946			
JVpna-252	0.05	0.053				0.702	0.625				0.847	0.814				1.004	1.006				1.02	1.002				0.938	1.051			
JVpna-253	0.042	0.025				0.781	0.763				0.971	0.946				1.032	1.06				1.038	1.024				1.045	1.054			
JVpna-254	0.036	0.033				0.388	0.645				0.859	0.894				1.004	0.979				0.998	1.015				1.04	1.074			
JVpna-255	0.003	0.001				0.005	0.002				0.54	0.554				0.558	0.664				0.931	0.992				1.017	1.058			
JVpna-256	0.033	0.054				0.632	0.671				0.838	0.859				0.917	0.948				0.955	0.988				0.981	1.037			
JVpna-257	0.031	0.05				0.05	0.031				0.653	0.653				0.789	0.787				0.93	0.898				1.049	1.019			
JVpna-258	0.007	0.006				0.506	0.721				0.794	0.871				0.908	0.945				0.982	0.962				1.039	0.973			
JVpna-259	0.013	0.011				0.764	0.782				0.875	0.916				0.957	0.98				0.982	0.957				1.057	1.01			
JVpna-260	0.008	0.005				0.01	0.01				0.816	0.831				0.891	1.001				0.929	0.937				1.036	0.975			
JVpna-261	0.002	0.641																												
JVpna-262	0.009	0.007				0.01	0.007				0.93	0.995				0.957	1.039				1.017	1.043				1.086	1.052			
JVpna-263	0.005	0.002				0	0.001				0.416	0.536				0.719	0.767				0.948	0.997				0.958	1.002			
JVpna-264	0.024	0.017				0.533	0.569				0.706	0.731				0.81	0.88				0.913	0.968				0.964	0.953			
JVpna-265	0.03	0.023				0.596	0.676				0.879	0.855				0.885	0.942				0.962	0.969				0.937	0.956			
JVpna-266	0.124	0.057				0.605	0.585				0.779	0.781				0.867	0.903				0.909	0.916				0.938	0.986			
JVpna-267	0.007	0.003				0.853	0.871				0.979	0.993				0.936	1.017				0.927	0.978				0.98	1.006			
JVpna-268	1.018	1.03																												
JVpna-269	0.279	0.019																												
JVpna-270	0.843	0.841																												
JVpna-271	0.783	0.871																												
JVpna-272	0.011	0.006				0.005	0.005				0.674	0.598				0.678	0.681				0.857	0.905				0.956	1.035			
JVpna-273	0.033	0.021				0.512	0.53				0.761	0.778				0.874	0.986				0.973	0.979				0.944	1.095			
JVpna-274	0.013	0.011				0.618	0.769				0.821	0.947				1.013	1.053				1.014	1.023				1.057	1.104			
JVpna-275	0.016	0.426				0.77	0.847				0.875	0.925				0.951	1.055				0.965	1.045				1.007	1.037			
JVpna-276	0.589	0.742																												
JVpna-277	0.731	0.628																												
JVpna-278	0.104	0.091				0.806	0.831				0.86	0.964				0.924	0.977				0.955	1.002				1.011	1.029			
JVpna-279	0.778	0.758																												
JVpna-280	0.692	0.724																												
JVpna-281	0.894	0.836																												
JVpna-282	0.775	0.089																												
JVpna-283	0.082	0.097				0.815	0.821				0.825	0.859				0.939	1.007				0.89	1.03				0.907	0.979			
JVpna-284	0.012	0.008				0.005	0.005				0.508	0.498				0.709	0.768				0.849	0.949				0.985	0.971			
JVpna-285	0.011	0.01				0.008	0.006				0.54	0.695				0.772	0.738				0.903	0.986				0.986	1.005			
JVpna-286	0.025	0.023				0.018	0.027				0.512	0.554				0.836	0.916				0.953	1.014				1.006	1.026			
JVpna-287	0.01	0.01				0.008	0.006				0.094	0.028				0.818	0.89				0.898	1.035				1.026	1.064			
JVpna-288	0.567	0.01																												
JVpna-227	0.001	0	0.002	0.004	0.001			0.003	0.004	0.002			0.002	0.002	0.002			0.001	0.003	0			0.664	0.767	0.446			1.065	1.037	1.01
JVpna-228	0.276	0.004	0.742	0.843	0.818			0.895	0.92	0.921			0.99	0.958	0.987			1.006	1.051	0.99			0.985	1.046	1.025			1	1.089	1.045
ctrl	1.04125	1.056	1.09	1.067625	1.056875	1.09	1.067625	1.056875			1.09	1.067625	1.056875			1.09	1.067625	1.056875			1.09	1.067625	1.056875			1.09	1.067625	1.056875		